46.0
46.0
46.0
47.0
46.0
46.0
47.0
47.0
46.0
46.0
46.0
46.0
46.0
47.0
47.0
46.0
46.0
45.0
45.0
47.0
46.0
46.0
46.0
46.0
46.0
46.0
46.0
47.0
47.0
45.0
46.0
47.0
45.0
47.0
45.0
46.0
47.0
47.0
47.0
48.0
45.0
46.0
47.0
47.0
46.0
47.0
47.0
46.0
47.0
46.0
46.0
47.0
47.0
47.0
47.0
46.0
46.0
46.0
47.0
47.0
46.0
46.0
46.0
46.0
46.0
47.0
46.0
46.0
47.0
47.0
46.0
46.0
45.0
46.0
48.0
46.0
47.0
48.0
46.0
48.0
50.0
48.0
47.0
48.0
49.0
43.0
41.0
46.0
48.0
63.0
62.0
63.0
63.0
64.0
60.0
57.0
56.0
54.0
54.0
54.0
53.0
53.0
52.0
51.0
49.0
49.0
48.0
47.0
47.0
47.0
47.0
46.0
44.0
41.0
41.0
40.0
40.0
38.0
38.0
38.0
38.0
38.0
38.0
38.0
38.0
37.0
38.0
36.0
36.0
36.0
36.0
35.0
35.0
36.0
37.0
36.0
35.0
35.0
36.0
37.0
36.0
35.0
35.0
37.0
36.0
35.0
35.0
35.0
35.0
36.0
35.0
35.0
35.0
35.0
35.0
35.0
35.0
35.0
35.0
35.0
34.0
35.0
35.0
37.0
35.0
36.0
35.0
35.0
36.0
35.0
34.0
36.0
35.0
35.0
35.0
36.0
36.0
36.0
35.0
35.0
